Length: 11
Seed : 1413864267397
1550 597 596 1647 1833 954 1650 2831 1654 2180 2927
Length: 12
Seed : 1413864268033
1852 1544 1875 1009 3024 2535 1857 1247 542 2498 2214 1757
Length: 13
Seed : 1413864268354
34 8 43 45 591 1637 221 2734 157 431 1279 1452 211
Length: 16
Seed : 1413864269864
34 649 8 1636 44 591 463 221 222 597 1833 157 249 690 242 1654
Length: 17
Seed : 1413864289394
1132 511 43 2619 498 1637 591 2735 220 221 1389 393 733 144 722 265 1452
Length: 14
Seed : 1413864497490
3407 2216 1010 344 1883 2432 1192 394 146 221 591 1637 1456 615
Length: 18
Seed : 1413864498998
3359 1360 2171 2399 1703 753 1946 1330 2556 1875 1247 1245 1150 2382 2942 2913 2037 3250
Length: 19
Seed : 1413864504470
1065 357 1082 1424 503 1425 558 557 40 7 32 145 400 1203 668 246 674 494 1338
Length: 23
Seed : 1413864564421
1461 516 779 290 316 926 757 285 88 282 753 1946 1330 2505 3538 3819 3044 681 1261 421 157 413 513
Length: 25
Seed : 1413864728632
4087 3800 2997 2534 1757 2600 2643 2455 2925 2457 1215 404 568 208 44 222 597 1654 1833 1967 2824 2837 2372 3476 2370
